{"topK": 5, "per_class": {"41": [{"idx": [7, 4, 0, 1, 5], "mu": [[0.6474260738351233, 0.22534548964861778], [0.6864160577517554, 0.258775082101948], [0.657186966183322, 0.46485516459199255], [0.6513040199111094, 0.2471031616018646], [0.6479742257657892, 0.21717766461016663]], "w": [0.20000001788139343, 0.20000001788139343, 0.20000000298023224, 0.20000000298023224, 0.20000000298023224], "D": [[0.0, 0.0513590936194846, 0.23970848839979397, 0.022100560051576963, 0.008186197920759202], [0.0513590936194846, 0.0, 0.20814259581599207, 0.03700120173025766, 0.05664026472769006], [0.23970848839979397, 0.20814259581599207, 0.0, 0.21783145746896712, 0.2478487816860277], [0.022100560051576963, 0.03700120173025766, 0.21783145746896712, 0.0, 0.03011017932942833], [0.008186197920759202, 0.05664026472769006, 0.2478487816860277, 0.03011017932942833, 0.0]], "hist": [0.008186197920759202, 0.022100560051576963, 0.03011017932942833, 0.03700120173025766, 0.0513590936194846, 0.05664026472769006, 0.20814259581599207, 0.21783145746896712, 0.23970848839979397, 0.2478487816860277]}, {"idx": [9, 0, 2, 1, 4], "mu": [[0.6982496010197141, 0.2824037713157622], [0.3125058371744579, 0.5243342392199462], [0.289478648532313, 0.5332061278987156], [0.7055847853763144, 0.31310497333381004], [0.6993049537862099, 0.31360593673862436]], "w": [0.20000001788139343, 0.20000000298023224, 0.20000000298023224, 0.20000000298023224, 0.20000000298023224], "D": [[0.0, 0.4553335070537223, 0.4795784749809149, 0.03156530904170427, 0.031220007952231593], [0.4553335070537223, 0.0, 0.02467715189176833, 0.44623857104274817, 0.44047698473165564], [0.4795784749809149, 0.02467715189176833, 0.0, 0.47073223318575, 0.4649535938516971], [0.03156530904170427, 0.44623857104274817, 0.47073223318575, 0.0, 0.006299781673442128], [0.031220007952231593, 0.44047698473165564, 0.4649535938516971, 0.006299781673442128, 0.0]], "hist": [0.006299781673442128, 0.02467715189176833, 0.031220007952231593, 0.03156530904170427, 0.44047698473165564, 0.44623857104274817, 0.4553335070537223, 0.4649535938516971, 0.47073223318575, 0.4795784749809149]}, {"idx": [0, 1, 6, 3, 5], "mu": [[0.7706374208390313, 0.5871608746582834], [0.5935554766500056, 0.3636301934456616], [0.7614291467469255, 0.5705225362273302], [0.7600882081558656, 0.5864999521042596], [0.5894764184036225, 0.33015498925352926]], "w": [0.20000000298023224, 0.20000000298023224, 0.20000000298023224, 0.19999998807907104, 0.19999998807907104], "D": [[0.0, 0.28517359695656247, 0.01901648278463398, 0.010569896255738774, 0.314438124177212], [0.28517359695656247, 0.0, 0.26643199998028944, 0.2782158873740761, 0.03372281144688771], [0.01901648278463398, 0.26643199998028944, 0.0, 0.016033587696125638, 0.29554068826966645], [0.010569896255738774, 0.2782158873740761, 0.016033587696125638, 0.0, 0.30793038625865743], [0.314438124177212, 0.03372281144688771, 0.29554068826966645, 0.30793038625865743, 0.0]], "hist": [0.010569896255738774, 0.016033587696125638, 0.01901648278463398, 0.03372281144688771, 0.26643199998028944, 0.2782158873740761, 0.28517359695656247, 0.29554068826966645, 0.30793038625865743, 0.314438124177212]}], "39": [{"idx": [5, 7, 4, 6, 10], "mu": [[0.6524999186536468, 0.3404557304603972], [0.655380779308393, 0.35706981030249035], [0.6407494136103755, 0.36457124938386287], [0.24895542495490863, 0.5771205944946945], [0.2454012251547066, 0.5941881646011271]], "w": [0.20000001788139343, 0.20000000298023224, 0.20000000298023224, 0.20000000298023224, 0.20000000298023224], "D": [[0.0, 0.016861998906165063, 0.026825969166462096, 0.46782306084987235, 0.47969729453429677], [0.016861998906165063, 0.0, 0.016442276316880996, 0.4621730371678549, 0.47361202346366726], [0.026825969166462096, 0.016442276316880996, 0.0, 0.4457350711505698, 0.4571915548969287], [0.46782306084987235, 0.4621730371678549, 0.4457350711505698, 0.0, 0.017433711181436568], [0.47969729453429677, 0.47361202346366726, 0.4571915548969287, 0.017433711181436568, 0.0]], "hist": [0.016442276316880996, 0.016861998906165063, 0.017433711181436568, 0.026825969166462096, 0.4457350711505698, 0.4571915548969287, 0.4621730371678549, 0.46782306084987235, 0.47361202346366726, 0.47969729453429677]}, {"idx": [5, 1, 3, 2, 6], "mu": [[0.3071413294710556, 0.6867726068171511], [0.29501545371776194, 0.7035039864800419], [0.3040058655368167, 0.48544468733841306], [0.286313110543258, 0.4727875938903663], [0.30693986363511455, 0.4666568822850035]], "w": [0.20000001788139343, 0.20000000298023224, 0.20000000298023224, 0.20000000298023224, 0.20000000298023224], "D": [[0.0, 0.020663395853733932, 0.2013523337230541, 0.21499628010963479, 0.22011581673018263], [0.020663395853733932, 0.0, 0.21824455422029335, 0.23088045518475606, 0.23714709004635165], [0.2013523337230541, 0.21824455422029335, 0.0, 0.02175397880422534, 0.01901551901909955], [0.21499628010963479, 0.23088045518475606, 0.02175397880422534, 0.0, 0.021518563332633165], [0.22011581673018263, 0.23714709004635165, 0.01901551901909955, 0.021518563332633165, 0.0]], "hist": [0.01901551901909955, 0.020663395853733932, 0.021518563332633165, 0.02175397880422534, 0.2013523337230541, 0.21499628010963479, 0.21824455422029335, 0.22011581673018263, 0.23088045518475606, 0.23714709004635165]}, {"idx": [5, 0, 3, 2, 6], "mu": [[0.5893253821021797, 0.34469411940041544], [0.2021092697872372, 0.5360335897488261], [0.18609453395053294, 0.5482333230668457], [0.17869079464644075, 0.5290792011128344], [0.19185699920064367, 0.5286994942121703]], "w": [0.20000001788139343, 0.20000000298023224, 0.20000000298023224, 0.20000000298023224, 0.20000000298023224], "D": [[0.0, 0.4319109984122984, 0.4516894113550382, 0.4501317837845271, 0.43799439878379315], [0.4319109984122984, 0.0, 0.02013219453885287, 0.024429254987013264, 0.012605475378641014], [0.4516894113550382, 0.02013219453885287, 0.0, 0.020535231761830655, 0.02036606185501953], [0.4501317837845271, 0.024429254987013264, 0.020535231761830655, 0.0, 0.013171678696867974], [0.43799439878379315, 0.012605475378641014, 0.02036606185501953, 0.013171678696867974, 0.0]], "hist": [0.012605475378641014, 0.013171678696867974, 0.02013219453885287, 0.02036606185501953, 0.020535231761830655, 0.024429254987013264, 0.4319109984122984, 0.43799439878379315, 0.4501317837845271, 0.4516894113550382]}], "9": [{"idx": [8, 1, 6, 3, 10], "mu": [[0.6290995408143057, 0.3066274744181689], [0.646741655040527, 0.31323739137803724], [0.8296753105965713, 0.5451397122561822], [0.8303962206795795, 0.5578625029483623], [0.8312456791159442, 0.6007627232972143]], "w": [0.20000001788139343, 0.20000000298023224, 0.20000000298023224, 0.20000000298023224, 0.20000000298023224], "D": [[0.0, 0.01883972389891623, 0.31163877650614247, 0.32193072684251434, 0.3569013951547445], [0.01883972389891623, 0.0, 0.2953699523712044, 0.30589286472695465, 0.34163218729395944], [0.31163877650614247, 0.2953699523712044, 0.0, 0.012743198748540607, 0.05564517422524089], [0.32193072684251434, 0.30589286472695465, 0.012743198748540607, 0.0, 0.042908629500546455], [0.3569013951547445, 0.34163218729395944, 0.05564517422524089, 0.042908629500546455, 0.0]], "hist": [0.012743198748540607, 0.01883972389891623, 0.042908629500546455, 0.05564517422524089, 0.2953699523712044, 0.30589286472695465, 0.31163877650614247, 0.32193072684251434, 0.34163218729395944, 0.3569013951547445]}, {"idx": [3, 2, 6, 4, 7], "mu": [[0.7075835693546237, 0.5072061685941612], [0.7069871538179552, 0.5356644698572238], [0.706696775762095, 0.49221696816005883], [0.6535214396938837, 0.312574211694478], [0.6539252704441086, 0.27468232977436446]], "w": [0.20000000298023224, 0.20000000298023224, 0.20000000298023224, 0.20000000298023224, 0.20000000298023224], "D": [[0.0, 0.028464550273482443, 0.015015409835547135, 0.20200077353825857, 0.23863475996062478], [0.028464550273482443, 0.0, 0.043448472046097086, 0.22940759768132685, 0.2663216868927668], [0.015015409835547135, 0.043448472046097086, 0.0, 0.18734763493708478, 0.2238440320203357], [0.20200077353825857, 0.22940759768132685, 0.18734763493708478, 0.0, 0.03789403376156537], [0.23863475996062478, 0.2663216868927668, 0.2238440320203357, 0.03789403376156537, 0.0]], "hist": [0.015015409835547135, 0.028464550273482443, 0.03789403376156537, 0.043448472046097086, 0.18734763493708478, 0.20200077353825857, 0.2238440320203357, 0.22940759768132685, 0.23863475996062478, 0.2663216868927668]}, {"idx": [0, 3, 6, 4, 11], "mu": [[0.7672410401132651, 0.5261890133234771], [0.760337746872558, 0.5156695725215316], [0.7592600926619916, 0.5031121832134972], [0.6630637924467226, 0.3132118177971555], [0.7686712602949006, 0.5575264661069603]], "w": [0.20000000298023224, 0.20000000298023224, 0.20000000298023224, 0.20000000298023224, 0.20000000298023224], "D": [[0.0, 0.012582292809851075, 0.024417936238447083, 0.23709108955343125, 0.03137007294739681], [0.012582292809851075, 0.0, 0.01260354572456054, 0.22461381225934238, 0.042678413590271524], [0.024417936238447083, 0.01260354572456054, 0.0, 0.2128752615039292, 0.05522213558913268], [0.23709108955343125, 0.22461381225934238, 0.2128752615039292, 0.0, 0.2661627033302141], [0.03137007294739681, 0.042678413590271524, 0.05522213558913268, 0.2661627033302141, 0.0]], "hist": [0.012582292809851075, 0.01260354572456054, 0.024417936238447083, 0.03137007294739681, 0.042678413590271524, 0.05522213558913268, 0.2128752615039292, 0.22461381225934238, 0.23709108955343125, 0.2661627033302141]}], "26": [{"idx": [0, 4, 10, 2, 3], "mu": [[0.31647189037099727, 0.5305374684010679], [0.7610131952863636, 0.3686980453171136], [0.2961528603322213, 0.5360483967466445], [0.2816609309567778, 0.5295504375472172], [0.3078111332645138, 0.5407806668095839]], "w": [0.20000000298023224, 0.20000000298023224, 0.20000000298023224, 0.19999998807907104, 0.19999998807907104], "D": [[0.0, 0.4730845280074205, 0.021053106966591874, 0.03482494975222345, 0.013413866977636598], [0.4730845280074205, 0.0, 0.494066059487256, 0.505620495435112, 0.48477266593793983], [0.021053106966591874, 0.494066059487256, 0.0, 0.015882049325583424, 0.01258211857011435], [0.03482494975222345, 0.505620495435112, 0.015882049325583424, 0.0, 0.028459640370546494], [0.013413866977636598, 0.48477266593793983, 0.01258211857011435, 0.028459640370546494, 0.0]], "hist": [0.01258211857011435, 0.013413866977636598, 0.015882049325583424, 0.021053106966591874, 0.028459640370546494, 0.03482494975222345, 0.4730845280074205, 0.48477266593793983, 0.494066059487256, 0.505620495435112]}, {"idx": [0, 5, 7, 1, 3], "mu": [[0.7719492230555209, 0.5806770011703029], [0.7078508694564112, 0.3380919391866624], [0.707036454300778, 0.34533423020790927], [0.7074223447288642, 0.370762251815062], [0.767559838182392, 0.5804044669973544]], "w": [0.20000000298023224, 0.20000000298023224, 0.20000000298023224, 0.19999998807907104, 0.19999998807907104], "D": [[0.0, 0.2509105642090886, 0.24413088168370747, 0.21960856090657474, 0.004397837473108518], [0.2509105642090886, 0.0, 0.007287938754007045, 0.032673122909808984, 0.24956065811807662], [0.24413088168370747, 0.007287938754007045, 0.0, 0.02543094953548363, 0.2427366808307451], [0.21960856090657474, 0.032673122909808984, 0.02543094953548363, 0.0, 0.2180971721628038], [0.004397837473108518, 0.24956065811807662, 0.2427366808307451, 0.2180971721628038, 0.0]], "hist": [0.004397837473108518, 0.007287938754007045, 0.02543094953548363, 0.032673122909808984, 0.2180971721628038, 0.21960856090657474, 0.2427366808307451, 0.24413088168370747, 0.24956065811807662, 0.2509105642090886]}, {"idx": [0, 2, 3, 4, 7], "mu": [[0.1994484478414804, 0.535567102713635], [0.1755606550275327, 0.5318576871903749], [0.19989295575649604, 0.5483199469613784], [0.6489357066776372, 0.3089538521359919], [0.6662655212844699, 0.2937063759324141]], "w": [0.20000000298023224, 0.20000000298023224, 0.20000000298023224, 0.20000000298023224, 0.20000000298023224], "D": [[0.0, 0.024174085485211085, 0.01276058868915206, 0.5033809305023461, 0.5257516440459487], [0.024174085485211085, 0.0, 0.029377999515499898, 0.5232304073796654, 0.5454423093436415], [0.01276058868915206, 0.029377999515499898, 0.0, 0.5088570717861569, 0.5313486994707579], [0.5033809305023461, 0.5232304073796654, 0.5088570717861569, 0.0, 0.023082634270937607], [0.5257516440459487, 0.5454423093436415, 0.5313486994707579, 0.023082634270937607, 0.0]], "hist": [0.01276058868915206, 0.023082634270937607, 0.024174085485211085, 0.029377999515499898, 0.5033809305023461, 0.5088570717861569, 0.5232304073796654, 0.5257516440459487, 0.5313486994707579, 0.5454423093436415]}], "44": [{"idx": [1, 6, 9, 2, 3], "mu": [[0.6465427321007705, 0.30586121482102635], [0.5328645075603289, 0.5589828315208245], [0.6385978942641868, 0.27340937684616756], [0.5279848179303118, 0.5946971870665313], [0.5355874095786621, 0.5735947544309283]], "w": [0.20000000298023224, 0.20000000298023224, 0.20000000298023224, 0.19999998807907104, 0.19999998807907104], "D": [[0.0, 0.27747665050484266, 0.03341021155569206, 0.3122213924052225, 0.2898143057684214], [0.27747665050484266, 0.0, 0.30451887803334277, 0.036046172653007885, 0.014863461458632722], [0.03341021155569206, 0.30451887803334277, 0.0, 0.3397956881013061, 0.31736795816662416], [0.3122213924052225, 0.036046172653007885, 0.3397956881013061, 0.0, 0.02243015967200695], [0.2898143057684214, 0.014863461458632722, 0.31736795816662416, 0.02243015967200695, 0.0]], "hist": [0.014863461458632722, 0.02243015967200695, 0.03341021155569206, 0.036046172653007885, 0.27747665050484266, 0.2898143057684214, 0.30451887803334277, 0.3122213924052225, 0.31736795816662416, 0.3397956881013061]}, {"idx": [0, 6, 11, 4, 5], "mu": [[0.6563237866657998, 0.526769346646288], [0.6465056118421987, 0.5029612501580983], [0.6517857206863068, 0.561152715331413], [0.5951527459462389, 0.37196561663031574], [0.5913960474016496, 0.3241690139192847]], "w": [0.20000000298023224, 0.20000000298023224, 0.20000000298023224, 0.19999998807907104, 0.19999998807907104], "D": [[0.0, 0.025753097197380875, 0.03468155251674096, 0.16645146755007065, 0.21274986756058376], [0.025753097197380875, 0.0, 0.05843052428673492, 0.1407017158355702, 0.18709283212379563], [0.03468155251674096, 0.05843052428673492, 0.0, 0.19748177673610262, 0.24455712497169327], [0.16645146755007065, 0.1407017158355702, 0.19748177673610262, 0.0, 0.047944009163513414], [0.21274986756058376, 0.18709283212379563, 0.24455712497169327, 0.047944009163513414, 0.0]], "hist": [0.025753097197380875, 0.03468155251674096, 0.047944009163513414, 0.05843052428673492, 0.1407017158355702, 0.16645146755007065, 0.18709283212379563, 0.19748177673610262, 0.21274986756058376, 0.24455712497169327]}, {"idx": [1, 0, 2, 3, 4], "mu": [[0.7015105145232242, 0.3092340978521217], [0.2544375128302202, 0.5245130441111299], [0.2414704943667685, 0.5388758059319865], [0.263510249405005, 0.5118073722597979], [0.7105151458399105, 0.3147926484709286]], "w": [0.20000001788139343, 0.20000000298023224, 0.20000000298023224, 0.20000000298023224, 0.20000000298023224], "D": [[0.0, 0.4962048906905107, 0.5141713082576564, 0.4825765884788424, 0.010582101404318787], [0.4962048906905107, 0.0, 0.019350258265825634, 0.015612451638008928, 0.5019855094315017], [0.5141713082576564, 0.019350258265825634, 0.0, 0.03490631609911226, 0.5198231877602985], [0.4825765884788424, 0.015612451638008928, 0.03490631609911226, 0.0, 0.48849583296726806], [0.010582101404318787, 0.5019855094315017, 0.5198231877602985, 0.48849583296726806, 0.0]], "hist": [0.010582101404318787, 0.015612451638008928, 0.019350258265825634, 0.03490631609911226, 0.4825765884788424, 0.48849583296726806, 0.4962048906905107, 0.5019855094315017, 0.5141713082576564, 0.5198231877602985]}], "33": [{"idx": [1, 3, 7, 8, 11], "mu": [[0.35780183766494633, 0.41058842037213505], [0.24418363009432398, 0.599696101000924], [0.34691882551866987, 0.40896700294804783], [0.3334003714189145, 0.4127851887849062], [0.23004336619082305, 0.6142962299319908]], "w": [0.20000000298023224, 0.20000000298023224, 0.20000000298023224, 0.20000000298023224, 0.20000000298023224], "D": [[0.0, 0.22061462318794975, 0.011003133546364627, 0.024500149926389853, 0.24045602240135064], [0.22061462318794975, 0.0, 0.21663819890070674, 0.20711184427261226, 0.020325127996261853], [0.011003133546364627, 0.21663819890070674, 0.0, 0.014047318047655187, 0.23626249056276108], [0.024500149926389853, 0.20711184427261226, 0.014047318047655187, 0.0, 0.226471566060514], [0.24045602240135064, 0.020325127996261853, 0.23626249056276108, 0.226471566060514, 0.0]], "hist": [0.011003133546364627, 0.014047318047655187, 0.020325127996261853, 0.024500149926389853, 0.20711184427261226, 0.21663819890070674, 0.22061462318794975, 0.226471566060514, 0.23626249056276108, 0.24045602240135064]}, {"idx": [0, 2, 3, 4, 7], "mu": [[0.6483537666189354, 0.5291490265763166], [0.6541733680428149, 0.5386170611959852], [0.6347761836362902, 0.5321527126342633], [0.3699374863288904, 0.3645625076562772], [0.3495427651694566, 0.3438626881594145]], "w": [0.20000001788139343, 0.20000000298023224, 0.20000000298023224, 0.20000000298023224, 0.20000000298023224], "D": [[0.0, 0.01111357009660098, 0.013905858103163605, 0.32342595341246405, 0.35159499682330975], [0.01111357009660098, 0.0, 0.020445991421991765, 0.333294200461993, 0.36156475218673273], [0.013905858103163605, 0.020445991421991765, 0.0, 0.31341029401735343, 0.34177658832491], [0.32342595341246405, 0.333294200461993, 0.31341029401735343, 0.0, 0.029059029205631644], [0.35159499682330975, 0.36156475218673273, 0.34177658832491, 0.029059029205631644, 0.0]], "hist": [0.01111357009660098, 0.013905858103163605, 0.020445991421991765, 0.029059029205631644, 0.31341029401735343, 0.32342595341246405, 0.333294200461993, 0.34177658832491, 0.35159499682330975, 0.36156475218673273]}, {"idx": [0, 2, 3, 4, 6], "mu": [[0.48704147371475465, 0.6463434048275799], [0.4630440007963012, 0.6587459011314962], [0.4893517219585537, 0.6519991256582015], [0.4156348363579654, 0.372747142011536], [0.4734306521015556, 0.6294910114948922]], "w": [0.20000000298023224, 0.20000000298023224, 0.20000000298023224, 0.20000000298023224, 0.20000000298023224], "D": [[0.0, 0.027012971347864796, 0.0061093719040424856, 0.2827610703146912, 0.021662355043391382], [0.027012971347864796, 0.0, 0.027159071634315468, 0.2899015679345287, 0.0310440186346231], [0.0061093719040424856, 0.027159071634315468, 0.0, 0.28881802158668657, 0.02756983258164582], [0.2827610703146912, 0.2899015679345287, 0.28881802158668657, 0.0, 0.2631687117321389], [0.021662355043391382, 0.0310440186346231, 0.02756983258164582, 0.2631687117321389, 0.0]], "hist": [0.0061093719040424856, 0.021662355043391382, 0.027012971347864796, 0.027159071634315468, 0.02756983258164582, 0.0310440186346231, 0.2631687117321389, 0.2827610703146912, 0.28881802158668657, 0.2899015679345287]}], "14": [{"idx": [11, 1, 3, 2, 6], "mu": [[0.29725277889069973, 0.6050557711948644], [0.7019761118555187, 0.30936753157994096], [0.30329548273509477, 0.5946795856283505], [0.28758057371503437, 0.5911108017900042], [0.31178600247797356, 0.5701834952948696]], "w": [0.20000001788139343, 0.20000000298023224, 0.20000000298023224, 0.20000000298023224, 0.20000000298023224], "D": [[0.0, 0.5012309959417155, 0.012007476698365788, 0.01697096711041111, 0.03777949462715264], [0.5012309959417155, 0.0, 0.49025423223178766, 0.5011017185556265, 0.4693328119624789], [0.012007476698365788, 0.49025423223178766, 0.0, 0.016115042153020193, 0.025925805043050743], [0.01697096711041111, 0.5011017185556265, 0.016115042153020193, 0.0, 0.03199773333751983], [0.03777949462715264, 0.4693328119624789, 0.025925805043050743, 0.03199773333751983, 0.0]], "hist": [0.012007476698365788, 0.016115042153020193, 0.01697096711041111, 0.025925805043050743, 0.03199773333751983, 0.03777949462715264, 0.4693328119624789, 0.49025423223178766, 0.5011017185556265, 0.5012309959417155]}, {"idx": [3, 2, 7, 4, 9], "mu": [[0.299089471515684, 0.5379626842945312], [0.2917258514801047, 0.5344366355868172], [0.4211147561123461, 0.33845583408470575], [0.3912379740165679, 0.36804857082170717], [0.414723534125437, 0.3359734075519682]], "w": [0.20000000298023224, 0.20000000298023224, 0.20000000298023224, 0.20000000298023224, 0.20000000298023224], "D": [[0.0, 0.008164307656963703, 0.2338656737564154, 0.1932929188315266, 0.23274643789888597], [0.008164307656963703, 0.0, 0.23484029296383802, 0.19387534816987567, 0.23348679366965136], [0.2338656737564154, 0.23484029296383802, 0.0, 0.042051779700555916, 0.006856395552795206], [0.1932929188315266, 0.19387534816987567, 0.042051779700555916, 0.0, 0.03975408950545485], [0.23274643789888597, 0.23348679366965136, 0.006856395552795206, 0.03975408950545485, 0.0]], "hist": [0.006856395552795206, 0.008164307656963703, 0.03975408950545485, 0.042051779700555916, 0.1932929188315266, 0.19387534816987567, 0.23274643789888597, 0.23348679366965136, 0.2338656737564154, 0.23484029296383802]}, {"idx": [5, 6, 4, 0, 1], "mu": [[0.6549419619139462, 0.33548193710038493], [0.1977354407998991, 0.5014613959506701], [0.6203534672042766, 0.36910502041496196], [0.19847968740379926, 0.5218602940813207], [0.6415900312471983, 0.36921740241015194]], "w": [0.20000000298023224, 0.20000000298023224, 0.20000000298023224, 0.19999998807907104, 0.19999998807907104], "D": [[0.0, 0.4864020802889756, 0.048237699964445074, 0.4930463467077814, 0.036281616173981776], [0.4864020802889756, 0.0, 0.44285912702221747, 0.02041247040296886, 0.46313644996770037], [0.048237699964445074, 0.44285912702221747, 0.0, 0.44867767909271555, 0.02123686139856722], [0.4930463467077814, 0.02041247040296886, 0.44867767909271555, 0.0, 0.4686647300563074], [0.036281616173981776, 0.46313644996770037, 0.02123686139856722, 0.4686647300563074, 0.0]], "hist": [0.02041247040296886, 0.02123686139856722, 0.036281616173981776, 0.048237699964445074, 0.44285912702221747, 0.44867767909271555, 0.46313644996770037, 0.4686647300563074, 0.4864020802889756, 0.4930463467077814]}], "11": [{"idx": [10, 0, 2, 1, 4], "mu": [[0.3496424677624612, 0.5979321543301646], [0.37564745101889496, 0.5935669846819926], [0.33896763239248967, 0.5949103753496958], [0.5860611513150303, 0.7036312213280116], [0.5750567120233906, 0.7153089715731574]], "w": [0.20000001788139343, 0.20000000298023224, 0.20000000298023224, 0.20000000298023224, 0.20000000298023224], "D": [[0.0, 0.026368804679482927, 0.011094289449207562, 0.258971208239343, 0.2541434609464128], [0.026368804679482927, 0.0, 0.03670441108303007, 0.23746170525114726, 0.2336346822425292], [0.011094289449207562, 0.03670441108303007, 0.0, 0.2699544951353184, 0.26501674568514727], [0.258971208239343, 0.23746170525114726, 0.2699544951353184, 0.0, 0.016045794929245114], [0.2541434609464128, 0.2336346822425292, 0.26501674568514727, 0.016045794929245114, 0.0]], "hist": [0.011094289449207562, 0.016045794929245114, 0.026368804679482927, 0.03670441108303007, 0.2336346822425292, 0.23746170525114726, 0.2541434609464128, 0.258971208239343, 0.26501674568514727, 0.2699544951353184]}, {"idx": [0, 8, 2, 1, 4], "mu": [[0.31509150280192494, 0.5877554473719717], [0.634653957971817, 0.3164812603863336], [0.2873081365065019, 0.6019473573198875], [0.6565426582714365, 0.31752030638322365], [0.6683626740131433, 0.33799232436889526]], "w": [0.20000001788139343, 0.20000001788139343, 0.20000000298023224, 0.20000000298023224, 0.20000000298023224], "D": [[0.0, 0.41917758441849945, 0.031198169027611213, 0.4354491049441635, 0.4326455108067064], [0.41917758441849945, 0.0, 0.44959983561817696, 0.02191334792746689, 0.03998754069477929], [0.031198169027611213, 0.44959983561817696, 0.0, 0.4660824812922146, 0.46354592002795125], [0.4354491049441635, 0.02191334792746689, 0.4660824812922146, 0.0, 0.023639295516995798], [0.4326455108067064, 0.03998754069477929, 0.46354592002795125, 0.023639295516995798, 0.0]], "hist": [0.02191334792746689, 0.023639295516995798, 0.031198169027611213, 0.03998754069477929, 0.41917758441849945, 0.4326455108067064, 0.4354491049441635, 0.44959983561817696, 0.46354592002795125, 0.4660824812922146]}, {"idx": [2, 6, 1, 0, 3], "mu": [[0.33858364237119326, 0.5949534152918281], [0.3650467320170924, 0.5799134459096198], [0.7028538730603703, 0.3592424655500244], [0.37158903098096924, 0.5898644528957031], [0.36205728375212526, 0.6017966757930662]], "w": [0.20000001788139343, 0.20000001788139343, 0.20000000298023224, 0.20000000298023224, 0.20000000298023224], "D": [[0.0, 0.03043839339756057, 0.4338806895847398, 0.03339540710264668, 0.024450808861230095], [0.03043839339756057, 0.0, 0.4034964016105942, 0.011908997261307204, 0.022086478919480932], [0.4338806895847398, 0.4034964016105942, 0.0, 0.40363708531942516, 0.41829996436858363], [0.03339540710264668, 0.011908997261307204, 0.40363708531942516, 0.0, 0.015271939906473252], [0.024450808861230095, 0.022086478919480932, 0.41829996436858363, 0.015271939906473252, 0.0]], "hist": [0.011908997261307204, 0.015271939906473252, 0.022086478919480932, 0.024450808861230095, 0.03043839339756057, 0.03339540710264668, 0.4034964016105942, 0.40363708531942516, 0.41829996436858363, 0.4338806895847398]}], "3": [{"idx": [3, 6, 8, 1, 5], "mu": [[0.7059075131623161, 0.4695107720074167], [0.7127222070395792, 0.45161987652584407], [0.7476530861049842, 0.2991607925949524], [0.7637818649845111, 0.3147762488477789], [0.7613951667588342, 0.281673844299907]], "w": [0.20000000298023224, 0.20000000298023224, 0.20000000298023224, 0.19999998807907104, 0.19999998807907104], "D": [[0.0, 0.019144821591578307, 0.1753904454243122, 0.16520355097963146, 0.19586115263687032], [0.019144821591578307, 0.0, 0.15640952204174982, 0.146059121952538, 0.17677870594947645], [0.1753904454243122, 0.15640952204174982, 0.0, 0.022449498482786018, 0.022240461806592754], [0.16520355097963146, 0.146059121952538, 0.022449498482786018, 0.0, 0.03318833402374121], [0.19586115263687032, 0.17677870594947645, 0.022240461806592754, 0.03318833402374121, 0.0]], "hist": [0.019144821591578307, 0.022240461806592754, 0.022449498482786018, 0.03318833402374121, 0.146059121952538, 0.15640952204174982, 0.16520355097963146, 0.1753904454243122, 0.17677870594947645, 0.19586115263687032]}, {"idx": [5, 0, 2, 1, 3], "mu": [[0.41619412033570274, 0.3395856889859394], [0.8326791106586929, 0.5866002932917135], [0.811873639067574, 0.5886902883261249], [0.42285711602666864, 0.3628491690661392], [0.8123895512938819, 0.5908930522913348]], "w": [0.20000001788139343, 0.20000000298023224, 0.20000000298023224, 0.20000000298023224, 0.20000000298023224], "D": [[0.0, 0.48422718005568355, 0.46756323952629086, 0.02419886396134502, 0.4691760973916375], [0.48422718005568355, 0.0, 0.020910182384970246, 0.4669246543890988, 0.020738707747760488], [0.46756323952629086, 0.020910182384970246, 0.0, 0.44982003773446816, 0.0022623736454620443], [0.02419886396134502, 0.4669246543890988, 0.44982003773446816, 0.0, 0.45137515527732847], [0.4691760973916375, 0.020738707747760488, 0.0022623736454620443, 0.45137515527732847, 0.0]], "hist": [0.0022623736454620443, 0.020738707747760488, 0.020910182384970246, 0.02419886396134502, 0.44982003773446816, 0.45137515527732847, 0.4669246543890988, 0.46756323952629086, 0.4691760973916375, 0.48422718005568355]}, {"idx": [4, 11, 5, 0, 6], "mu": [[0.6571160035710922, 0.3105892466952], [0.711751237487877, 0.6118729060335776], [0.646688077710066, 0.2799259905457198], [0.7135248014443393, 0.5875627708247665], [0.700998704513189, 0.5740576030110562]], "w": [0.20000001788139343, 0.20000001788139343, 0.20000000298023224, 0.20000000298023224, 0.20000000298023224], "D": [[0.0, 0.3061974071893251, 0.03238791310738767, 0.28265931002932915, 0.2670978588864997], [0.3061974071893251, 0.0, 0.33826316598497086, 0.02437474518796737, 0.03931429902792195], [0.03238791310738767, 0.33826316598497086, 0.0, 0.3148134943422693, 0.2991037439337845], [0.28265931002932915, 0.02437474518796737, 0.3148134943422693, 0.0, 0.018419898534059495], [0.2670978588864997, 0.03931429902792195, 0.2991037439337845, 0.018419898534059495, 0.0]], "hist": [0.018419898534059495, 0.02437474518796737, 0.03238791310738767, 0.03931429902792195, 0.2670978588864997, 0.28265931002932915, 0.2991037439337845, 0.3061974071893251, 0.3148134943422693, 0.33826316598497086]}], "12": [{"idx": [6, 8, 3, 0, 5], "mu": [[0.2952179383607506, 0.4722870925434877], [0.38638811732394585, 0.29805152225692383], [0.2967975734157032, 0.4978367059920286], [0.3091344993589507, 0.47382581197984813], [0.4185818531325901, 0.29253994874312894]], "w": [0.20000001788139343, 0.20000001788139343, 0.20000000298023224, 0.20000000298023224, 0.20000000298023224], "D": [[0.0, 0.1966469818869977, 0.025598398275608905, 0.014001368773104202, 0.21800846582695024], [0.1966469818869977, 0.0, 0.21895338590175842, 0.19200188128317897, 0.03266211977068771], [0.025598398275608905, 0.21895338590175842, 0.0, 0.02699486567837185, 0.23870100402611338], [0.014001368773104202, 0.19200188128317897, 0.02699486567837185, 0.0, 0.2117623372026637], [0.21800846582695024, 0.03266211977068771, 0.23870100402611338, 0.2117623372026637, 0.0]], "hist": [0.014001368773104202, 0.025598398275608905, 0.02699486567837185, 0.03266211977068771, 0.19200188128317897, 0.1966469818869977, 0.2117623372026637, 0.21800846582695024, 0.21895338590175842, 0.23870100402611338]}, {"idx": [5, 0, 2, 1, 3], "mu": [[0.7088528543651681, 0.3480132167055679], [0.25864067929034434, 0.5300054945031095], [0.2289714798782683, 0.5277970394585382], [0.6975361808801972, 0.35632810524320574], [0.24723754281179255, 0.5473870459634376]], "w": [0.20000001788139343, 0.20000000298023224, 0.20000000298023224, 0.20000000298023224, 0.20000000298023224], "D": [[0.0, 0.4856049750193477, 0.5124532725069747, 0.014042950906372368, 0.5028306073156905], [0.4856049750193477, 0.0, 0.029751280097458435, 0.4720096364015725, 0.02078821427435533], [0.5124532725069747, 0.029751280097458435, 0.0, 0.4989533790104734, 0.02678464877412936], [0.014042950906372368, 0.4720096364015725, 0.4989533790104734, 0.0, 0.48915476311224565], [0.5028306073156905, 0.02078821427435533, 0.02678464877412936, 0.48915476311224565, 0.0]], "hist": [0.014042950906372368, 0.02078821427435533, 0.02678464877412936, 0.029751280097458435, 0.4720096364015725, 0.4856049750193477, 0.48915476311224565, 0.4989533790104734, 0.5028306073156905, 0.5124532725069747]}, {"idx": [0, 3, 8, 2, 7], "mu": [[0.31979687001286855, 0.4784339785617423], [0.3111968713429008, 0.5012979309519814], [0.6145439993629992, 0.35421117578590333], [0.2842677206047698, 0.46615412271758294], [0.6615501988057986, 0.3783564876586311]], "w": [0.20000000298023224, 0.20000000298023224, 0.20000000298023224, 0.19999998807907104, 0.19999998807907104], "D": [[0.0, 0.024427859014382873, 0.3198549280371144, 0.03759142611309578, 0.35610509955139763], [0.024427859014382873, 0.0, 0.3371260797139963, 0.044274896009964315, 0.37129779496164067], [0.3198549280371144, 0.3371260797139963, 0.0, 0.34873147789973374, 0.05284485662283058], [0.03759142611309578, 0.044274896009964315, 0.34873147789973374, 0.0, 0.38736351542117986], [0.35610509955139763, 0.37129779496164067, 0.05284485662283058, 0.38736351542117986, 0.0]], "hist": [0.024427859014382873, 0.03759142611309578, 0.044274896009964315, 0.05284485662283058, 0.3198549280371144, 0.3371260797139963, 0.34873147789973374, 0.35610509955139763, 0.37129779496164067, 0.38736351542117986]}], "16": [{"idx": [3, 4, 6, 8, 10], "mu": [[0.13698521791240903, 0.5324382004655003], [0.595103006009202, 0.37136366348620387], [0.14491570901966289, 0.5187171543931695], [0.5615248347593119, 0.35816593677548625], [0.12805248823353166, 0.5363627391402958]], "w": [0.20000000298023224, 0.20000000298023224, 0.20000000298023224, 0.20000000298023224, 0.20000000298023224], "D": [[0.0, 0.48560983745574265, 0.015848021785738988, 0.45891688590000357, 0.009756826498706536], [0.48560983745574265, 0.0, 0.4736894063130573, 0.03607871359704682, 0.49533915767000136], [0.015848021785738988, 0.4736894063130573, 0.0, 0.4464749232914155, 0.024407680683543542], [0.45891688590000357, 0.03607871359704682, 0.4464749232914155, 0.0, 0.4686708606000688], [0.009756826498706536, 0.49533915767000136, 0.024407680683543542, 0.4686708606000688, 0.0]], "hist": [0.009756826498706536, 0.015848021785738988, 0.024407680683543542, 0.03607871359704682, 0.4464749232914155, 0.45891688590000357, 0.4686708606000688, 0.4736894063130573, 0.48560983745574265, 0.49533915767000136]}, {"idx": [4, 9, 5, 0, 7], "mu": [[0.6803137792223041, 0.712140007029899], [0.6995214401751694, 0.6916095009785187], [0.7122172077808253, 0.6878023017850915], [0.26451137225847515, 0.5362348550586198], [0.7244704041413634, 0.703021630484359]], "w": [0.20000001788139343, 0.20000001788139343, 0.20000000298023224, 0.20000000298023224, 0.20000000298023224], "D": [[0.0, 0.02811469220898549, 0.04012670744493995, 0.4514800816502899, 0.04508827247820379], [0.02811469220898549, 0.0, 0.013254330643048538, 0.46192536170210535, 0.027435150862434116], [0.04012670744493995, 0.013254330643048538, 0.0, 0.47266606189565535, 0.019538904450000533], [0.4514800816502899, 0.46192536170210535, 0.47266606189565535, 0.0, 0.4892648970318224], [0.04508827247820379, 0.027435150862434116, 0.019538904450000533, 0.4892648970318224, 0.0]], "hist": [0.013254330643048538, 0.019538904450000533, 0.027435150862434116, 0.02811469220898549, 0.04012670744493995, 0.04508827247820379, 0.4514800816502899, 0.46192536170210535, 0.47266606189565535, 0.4892648970318224]}, {"idx": [0, 7, 4, 2, 5], "mu": [[0.14276544834982288, 0.526902538419551], [0.3180954161169507, 0.6972245083772266], [0.2938980860081398, 0.6837254211683965], [0.11172327287443748, 0.5268938271864971], [0.31135324264777536, 0.6893663712631617]], "w": [0.20000001788139343, 0.20000001788139343, 0.20000000298023224, 0.20000000298023224, 0.20000000298023224], "D": [[0.0, 0.24443848111024868, 0.21779460672665488, 0.031042176697683433, 0.23412889904598577], [0.24443848111024868, 0.0, 0.027708051895908612, 0.2675855049538489, 0.01035409204092257], [0.21779460672665488, 0.027708051895908612, 0.0, 0.24038263541945518, 0.01834401295479928], [0.031042176697683433, 0.2675855049538489, 0.24038263541945518, 0.0, 0.25738968979049553], [0.23412889904598577, 0.01035409204092257, 0.01834401295479928, 0.25738968979049553, 0.0]], "hist": [0.01035409204092257, 0.01834401295479928, 0.027708051895908612, 0.031042176697683433, 0.21779460672665488, 0.23412889904598577, 0.24038263541945518, 0.24443848111024868, 0.25738968979049553, 0.2675855049538489]}], "7": [{"idx": [0, 1, 2, 9, 5], "mu": [[0.5994120409811101, 0.5732923281087685], [0.5893336648290545, 0.3731317188841127], [0.586373705938777, 0.597108886765995], [0.580153605035943, 0.3343739151298645], [0.5932805691002933, 0.33735891263703865]], "w": [0.20000000298023224, 0.20000000298023224, 0.20000000298023224, 0.20000000298023224, 0.19999998807907104], "D": [[0.0, 0.200414179016974, 0.027151917923956007, 0.23969333619317046, 0.23601307481489484], [0.200414179016974, 0.0, 0.22399672562120423, 0.03983015000797658, 0.035989883580209325], [0.027151917923956007, 0.22399672562120423, 0.0, 0.26280858999636936, 0.25984178612903164], [0.23969333619317046, 0.03983015000797658, 0.26280858999636936, 0.0, 0.013462072487718147], [0.23601307481489484, 0.035989883580209325, 0.25984178612903164, 0.013462072487718147, 0.0]], "hist": [0.013462072487718147, 0.027151917923956007, 0.035989883580209325, 0.03983015000797658, 0.200414179016974, 0.22399672562120423, 0.23601307481489484, 0.23969333619317046, 0.25984178612903164, 0.26280858999636936]}, {"idx": [1, 2, 5, 4, 10], "mu": [[0.769775600580231, 0.3306171291241605], [0.5915407488041406, 0.5944732260381386], [0.7691492769643586, 0.28186824391094834], [0.7795522043873013, 0.32037581119290875], [0.5902620337004083, 0.5964650467297545]], "w": [0.20000001788139343, 0.20000000298023224, 0.20000000298023224, 0.20000000298023224, 0.20000000298023224], "D": [[0.0, 0.31841435625034786, 0.04875290853685283, 0.014158621930449358, 0.32078066648279674], [0.31841435625034786, 0.0, 0.3595367354332237, 0.3323818590948321, 0.0023669520451548467], [0.04875290853685283, 0.3595367354332237, 0.0, 0.03988801370012954, 0.3619002544160346], [0.014158621930449358, 0.3323818590948321, 0.03988801370012954, 0.0, 0.3347477179877303], [0.32078066648279674, 0.0023669520451548467, 0.3619002544160346, 0.3347477179877303, 0.0]], "hist": [0.0023669520451548467, 0.014158621930449358, 0.03988801370012954, 0.04875290853685283, 0.31841435625034786, 0.32078066648279674, 0.3323818590948321, 0.3347477179877303, 0.3595367354332237, 0.3619002544160346]}, {"idx": [6, 0, 2, 1, 3], "mu": [[0.5355480436466696, 0.5299296702914819], [0.5360656376328765, 0.5567522008760484], [0.531308193220297, 0.5957514642879272], [0.6508829947751685, 0.3862264944072773], [0.5397215738073575, 0.5372177378648652]], "w": [0.20000001788139343, 0.20000000298023224, 0.20000000298023224, 0.20000000298023224, 0.20000000298023224], "D": [[0.0, 0.026827524121591312, 0.0659582056801768, 0.18426273011930508, 0.00839846908408744], [0.026827524121591312, 0.0, 0.039288367540633425, 0.20557733841018108, 0.01987362861802455], [0.0659582056801768, 0.039288367540633425, 0.0, 0.24124437023560608, 0.059135286436040914], [0.18426273011930508, 0.20557733841018108, 0.24124437023560608, 0.0, 0.18749724561297285], [0.00839846908408744, 0.01987362861802455, 0.059135286436040914, 0.18749724561297285, 0.0]], "hist": [0.00839846908408744, 0.01987362861802455, 0.026827524121591312, 0.039288367540633425, 0.059135286436040914, 0.0659582056801768, 0.18426273011930508, 0.18749724561297285, 0.20557733841018108, 0.24124437023560608]}], "2": [{"idx": [0, 1, 5, 4, 6], "mu": [[0.49161252880488016, 0.5317611079249671], [0.4716750946918381, 0.3671046374843512], [0.47769616355543676, 0.34135812307502755], [0.4646107530538904, 0.3707386121084851], [0.47942015352832124, 0.5125143547958404]], "w": [0.20000000298023224, 0.20000000298023224, 0.20000000298023224, 0.20000000298023224, 0.20000000298023224], "D": [[0.0, 0.16585914064944784, 0.19091087413115637, 0.16327075688155462, 0.02278358007201665], [0.16585914064944784, 0.0, 0.02644118519449736, 0.00794422396124952, 0.14561583644984427], [0.19091087413115637, 0.02644118519449736, 0.0, 0.03216272848871964, 0.1711649140399258], [0.16327075688155462, 0.00794422396124952, 0.03216272848871964, 0.0, 0.14254711346415705], [0.02278358007201665, 0.14561583644984427, 0.1711649140399258, 0.14254711346415705, 0.0]], "hist": [0.00794422396124952, 0.02278358007201665, 0.02644118519449736, 0.03216272848871964, 0.14254711346415705, 0.14561583644984427, 0.16327075688155462, 0.16585914064944784, 0.1711649140399258, 0.19091087413115637]}, {"idx": [1, 7, 11, 6, 8], "mu": [[0.6459225960621915, 0.29924606591356334], [0.6533777465731687, 0.2991527587094336], [0.7671912570583187, 0.5467617097499], [0.7647706839442369, 0.5194364064486628], [0.6314607848263162, 0.2933137715770733]], "w": [0.20000000298023224, 0.20000000298023224, 0.20000000298023224, 0.19999998807907104, 0.19999998807907104], "D": [[0.0, 0.007455734395461423, 0.2756267078559512, 0.25021721375273415, 0.015631253958555], [0.007455734395461423, 0.0, 0.27251368370104545, 0.24684665676783138, 0.022681423741574662], [0.2756267078559512, 0.27251368370104545, 0.0, 0.027432305311534042, 0.2875041190250662], [0.25021721375273415, 0.24684665676783138, 0.027432305311534042, 0.0, 0.26249376221941045], [0.015631253958555, 0.022681423741574662, 0.2875041190250662, 0.26249376221941045, 0.0]], "hist": [0.007455734395461423, 0.015631253958555, 0.022681423741574662, 0.027432305311534042, 0.24684665676783138, 0.25021721375273415, 0.26249376221941045, 0.27251368370104545, 0.2756267078559512, 0.2875041190250662]}, {"idx": [4, 0, 2, 1, 3], "mu": [[0.5341238356889836, 0.2567875210453501], [0.3736335055911266, 0.6496897219135255], [0.35668916079481117, 0.6526581142483389], [0.530098724081097, 0.2474626080441184], [0.36757885880951235, 0.6537898458558534]], "w": [0.20000001788139343, 0.20000000298023224, 0.20000000298023224, 0.20000000298023224, 0.20000000298023224], "D": [[0.0, 0.4244164057879657, 0.4338163095339